1 134217728 1411.0
2 134217728 1387.4
3 134217728 1363.4
4 134217728 1336.7
5 134217728 1303.2
6 134217728 1289.2
7 134217728 1275.1
8 134217728 1252.2
9 134217728 1187.1
10 134217728 1143.4
11 134217728 1184.1
12 134217728 1161.3
13 134217728 1110.8
14 134217728 1057.4
15 134217728 988.4
16 134217728 1061.9
17 134217728 955.6
18 134217728 867.9
19 134217728 853.5
20 134217728 840.8
21 134217728 842.4
22 134217728 810.4
23 134217728 808.1
24 134217728 810.8
25 134217728 806.0
26 134217728 804.1
27 134217728 804.2
28 134217728 803.8
29 134217728 801.5
30 134217728 781.4
31 134217728 766.9
32 134217728 642.4
33 134217728 767.8
34 134217728 773.7
35 134217728 787.5
36 134217728 799.1
37 134217728 788.1
38 134217728 795.4
39 134217728 800.7
40 134217728 787.7
41 134217728 797.7
42 134217728 807.4
43 134217728 1058.5
44 134217728 1057.6
45 134217728 1043.2
46 134217728 1058.0
47 134217728 1040.5
48 134217728 1047.3
49 134217728 1046.8
50 134217728 1068.8
51 134217728 1073.0
52 134217728 1076.3
53 134217728 1078.7
54 134217728 1083.5
55 134217728 1083.1
56 134217728 1100.9
57 134217728 1079.0
58 134217728 1069.4
59 134217728 1079.6
60 134217728 1065.6
61 134217728 1075.8
62 134217728 1063.4
63 134217728 1073.0
64 134217728 1079.0

1 67108864 1400.6
2 67108864 1390.2
3 67108864 1366.2
4 67108864 1338.7
5 67108864 1320.4
6 67108864 1296.1
7 67108864 1275.6
8 67108864 1257.4
9 67108864 1235.8
10 67108864 1263.4
11 67108864 1292.2
12 67108864 1266.5
13 67108864 1207.4
14 67108864 1156.1
15 67108864 1082.6
16 67108864 1062.0
17 67108864 959.0
18 67108864 938.2
19 67108864 919.9
20 67108864 904.9
21 67108864 890.8
22 67108864 870.8
23 67108864 857.5
24 67108864 853.2
25 67108864 847.6
26 67108864 838.2
27 67108864 836.9
28 67108864 843.8
29 67108864 834.4
30 67108864 825.1
31 67108864 811.1
32 67108864 663.8
33 67108864 818.2
34 67108864 827.8
35 67108864 833.0
36 67108864 839.1
37 67108864 831.6
38 67108864 831.0
39 67108864 827.3
40 67108864 829.9
41 67108864 840.9
42 67108864 852.1
43 67108864 1055.1
44 67108864 1071.1
45 67108864 1059.1
46 67108864 1054.5
47 67108864 1048.8
48 67108864 1055.6
49 67108864 1057.9
50 67108864 1068.7
51 67108864 1069.2
52 67108864 1075.6
53 67108864 1080.2
54 67108864 1091.8
55 67108864 1096.0
56 67108864 1102.9
57 67108864 1083.9
58 67108864 1084.8
59 67108864 1082.1
60 67108864 1090.2
61 67108864 1078.7
62 67108864 1086.0
63 67108864 1072.6
64 67108864 1082.7

1 33554432 1390.1
2 33554432 1388.1
3 33554432 1367.0
4 33554432 1342.2
5 33554432 1319.0
6 33554432 1297.9
7 33554432 1275.5
8 33554432 1258.2
9 33554432 1243.8
10 33554432 1273.3
11 33554432 1288.0
12 33554432 1278.1
13 33554432 1209.8
14 33554432 1151.4
15 33554432 1091.0
16 33554432 1057.4
17 33554432 960.2
18 33554432 935.3
19 33554432 929.1
20 33554432 913.2
21 33554432 896.2
22 33554432 879.3
23 33554432 864.7
24 33554432 851.9
25 33554432 850.5
26 33554432 843.4
27 33554432 840.0
28 33554432 844.4
29 33554432 836.3
30 33554432 832.0
31 33554432 818.5
32 33554432 662.5
33 33554432 814.9
34 33554432 824.9
35 33554432 836.7
36 33554432 843.4
37 33554432 834.3
38 33554432 834.1
39 33554432 834.3
40 33554432 830.8
41 33554432 839.3
42 33554432 852.1
43 33554432 1053.3
44 33554432 1068.4
45 33554432 1051.4
46 33554432 1064.2
47 33554432 1042.6
48 33554432 1070.0
49 33554432 1057.9
50 33554432 1065.2
51 33554432 1087.5
52 33554432 1078.3
53 33554432 1080.4
54 33554432 1096.8
55 33554432 1087.5
56 33554432 1100.9
57 33554432 1091.9
58 33554432 1087.5
59 33554432 1115.2
60 33554432 1087.2
61 33554432 1085.6
62 33554432 1079.0
63 33554432 1104.0
64 33554432 1080.3

1 16777216 1412.6
2 16777216 1303.4
3 16777216 1237.1
4 16777216 1258.5
5 16777216 1171.7
6 16777216 1224.0
7 16777216 1111.4
8 16777216 1186.0
9 16777216 1177.7
10 16777216 1151.5
11 16777216 1200.0
12 16777216 1160.2
13 16777216 1132.5
14 16777216 1135.0
15 16777216 1063.2
16 16777216 1050.6
17 16777216 958.4
18 16777216 934.8
19 16777216 932.0
20 16777216 891.8
21 16777216 889.2
22 16777216 871.2
23 16777216 864.8
24 16777216 851.1
25 16777216 839.6
26 16777216 843.7
27 16777216 839.0
28 16777216 843.9
29 16777216 833.8
30 16777216 827.6
31 16777216 797.8
32 16777216 639.0
33 16777216 758.2
34 16777216 768.3
35 16777216 784.7
36 16777216 801.0
37 16777216 789.5
38 16777216 806.5
39 16777216 798.0
40 16777216 794.1
41 16777216 793.1
42 16777216 804.1
43 16777216 1002.4
44 16777216 1006.1
45 16777216 1010.8
46 16777216 1018.7
47 16777216 1024.0
48 16777216 985.0
49 16777216 1035.6
50 16777216 1054.8
51 16777216 1041.7
52 16777216 1042.0
53 16777216 1068.6
54 16777216 1039.4
55 16777216 1046.9
56 16777216 1108.0
57 16777216 1065.7
58 16777216 1103.9
59 16777216 1105.3
60 16777216 1110.2
61 16777216 1142.6
62 16777216 1113.1
63 16777216 1120.3
64 16777216 1038.3

1 8388608 1315.1
2 8388608 1301.6
3 8388608 1279.7
4 8388608 1266.2
5 8388608 1248.7
6 8388608 1227.1
7 8388608 1211.1
8 8388608 1193.3
9 8388608 1178.3
10 8388608 1165.4
11 8388608 1173.5
12 8388608 1139.8
13 8388608 1115.4
14 8388608 1061.7
15 8388608 996.6
16 8388608 894.3
17 8388608 877.8
18 8388608 847.2
19 8388608 861.0
20 8388608 849.6
21 8388608 879.8
22 8388608 865.4
23 8388608 800.4
24 8388608 784.6
25 8388608 786.7
26 8388608 838.6
27 8388608 833.3
28 8388608 839.7
29 8388608 841.1
30 8388608 827.5
31 8388608 828.3
32 8388608 662.1
33 8388608 836.2
34 8388608 850.2
35 8388608 864.3
36 8388608 878.4
37 8388608 875.6
38 8388608 901.7
39 8388608 903.2
40 8388608 895.4
41 8388608 908.2
42 8388608 922.9
43 8388608 1058.2
44 8388608 1065.1
45 8388608 1087.5
46 8388608 1094.1
47 8388608 1101.7
48 8388608 1107.3
49 8388608 1134.4
50 8388608 1166.5
51 8388608 1172.8
52 8388608 1168.0
53 8388608 1197.7
54 8388608 1176.4
55 8388608 1398.5
56 8388608 1421.6
57 8388608 1439.9
58 8388608 1440.2
59 8388608 1440.1
60 8388608 1440.5
61 8388608 1439.9
62 8388608 1439.9
63 8388608 1439.9
64 8388608 1066.0

1 4194304 1418.7
2 4194304 1354.7
3 4194304 1333.0
4 4194304 1348.0
5 4194304 1328.6
6 4194304 1302.6
7 4194304 1281.5
8 4194304 1262.1
9 4194304 1238.8
10 4194304 1244.7
11 4194304 1274.8
12 4194304 1270.2
13 4194304 1225.6
14 4194304 1203.0
15 4194304 1140.1
16 4194304 1111.8
17 4194304 1047.8
18 4194304 1009.3
19 4194304 998.9
20 4194304 989.3
21 4194304 974.6
22 4194304 955.3
23 4194304 952.8
24 4194304 953.3
25 4194304 964.2
26 4194304 978.6
27 4194304 990.0
28 4194304 1014.1
29 4194304 1030.7
30 4194304 1055.2
31 4194304 1030.0
32 4194304 783.1
33 4194304 1051.7
34 4194304 1092.6
35 4194304 1115.9
36 4194304 1138.5
37 4194304 1130.9
38 4194304 1145.6
39 4194304 1159.5
40 4194304 1207.6
41 4194304 1192.7
42 4194304 1198.8
43 4194304 1173.7
44 4194304 1254.0
45 4194304 1274.8
46 4194304 1278.8
47 4194304 1309.6
48 4194304 1228.8
49 4194304 1365.4
50 4194304 1337.1
51 4194304 1397.8
52 4194304 1401.7
53 4194304 1424.0
54 4194304 1439.4
55 4194304 1439.3
56 4194304 1439.4
57 4194304 1439.1
58 4194304 1439.5
59 4194304 1439.3
60 4194304 1439.0
61 4194304 1439.3
62 4194304 1439.2
63 4194304 1439.0
64 4194304 1090.7

1 2097152 1443.9
2 2097152 1442.9
3 2097152 1441.2
4 2097152 1440.4
5 2097152 1437.3
6 2097152 1434.0
7 2097152 1435.1
8 2097152 1432.5
9 2097152 1430.3
10 2097152 1431.3
11 2097152 1429.7
12 2097152 1428.5
13 2097152 1425.9
14 2097152 1424.4
15 2097152 1414.7
16 2097152 1413.6
17 2097152 1412.5
18 2097152 1403.7
19 2097152 1400.6
20 2097152 1403.6
21 2097152 1390.3
22 2097152 1393.2
23 2097152 1392.8
24 2097152 1394.8
25 2097152 1394.8
26 2097152 1396.8
27 2097152 1402.8
28 2097152 1401.2
29 2097152 1407.3
30 2097152 1409.2
31 2097152 1407.1
32 2097152 1373.0
33 2097152 1414.4
34 2097152 1410.3
35 2097152 1415.6
36 2097152 1419.9
37 2097152 1418.0
38 2097152 1423.8
39 2097152 1412.5
40 2097152 1420.0
41 2097152 1425.1
42 2097152 1433.2
43 2097152 1438.1
44 2097152 1437.1
45 2097152 1438.5
46 2097152 1439.2
47 2097152 1438.9
48 2097152 1435.3
49 2097152 1438.5
50 2097152 1438.7
51 2097152 1438.8
52 2097152 1438.7
53 2097152 1438.6
54 2097152 1438.3
55 2097152 1438.1
56 2097152 1438.8
57 2097152 1438.1
58 2097152 1438.8
59 2097152 1438.1
60 2097152 1438.2
61 2097152 1437.9
62 2097152 1438.9
63 2097152 1438.9
64 2097152 1376.1

1 1048576 1445.5
2 1048576 1445.1
3 1048576 1444.6
4 1048576 1444.1
5 1048576 1443.6
6 1048576 1443.0
7 1048576 1442.3
8 1048576 1441.5
9 1048576 1441.0
10 1048576 1440.9
11 1048576 1440.4
12 1048576 1440.7
13 1048576 1440.2
14 1048576 1439.9
15 1048576 1439.3
16 1048576 1440.6
17 1048576 1439.8
18 1048576 1439.9
19 1048576 1439.3
20 1048576 1438.3
21 1048576 1438.2
22 1048576 1437.7
23 1048576 1437.3
24 1048576 1437.5
25 1048576 1436.9
26 1048576 1436.4
27 1048576 1436.8
28 1048576 1436.9
29 1048576 1436.2
30 1048576 1436.3
31 1048576 1435.7
32 1048576 1436.6
33 1048576 1436.5
34 1048576 1436.0
35 1048576 1436.1
36 1048576 1436.1
37 1048576 1435.9
38 1048576 1435.6
39 1048576 1435.2
40 1048576 1435.9
41 1048576 1434.6
42 1048576 1435.7
43 1048576 1437.9
44 1048576 1439.5
45 1048576 1439.6
46 1048576 1438.6
47 1048576 1438.6
48 1048576 1437.3
49 1048576 1439.3
50 1048576 1438.8
51 1048576 1439.6
52 1048576 1438.6
53 1048576 1438.8
54 1048576 1439.5
55 1048576 1438.3
56 1048576 1438.8
57 1048576 1438.8
58 1048576 1437.3
59 1048576 1438.6
60 1048576 1438.5
61 1048576 1438.0
62 1048576 1437.2
63 1048576 1439.6
64 1048576 1434.6

1 524288 1445.5
2 524288 1445.0
3 524288 1444.6
4 524288 1443.9
5 524288 1443.0
6 524288 1442.5
7 524288 1441.8
8 524288 1440.7
9 524288 1440.1
10 524288 1440.3
11 524288 1439.8
12 524288 1440.2
13 524288 1439.1
14 524288 1438.9
15 524288 1438.6
16 524288 1439.4
17 524288 1439.1
18 524288 1438.3
19 524288 1437.3
20 524288 1436.9
21 524288 1436.9
22 524288 1436.8
23 524288 1435.9
24 524288 1435.4
25 524288 1435.6
26 524288 1435.6
27 524288 1434.7
28 524288 1434.6
29 524288 1435.5
30 524288 1435.8
31 524288 1435.0
32 524288 1433.2
33 524288 1438.7
34 524288 1435.7
35 524288 1437.4
36 524288 1438.6
37 524288 1437.7
38 524288 1437.7
39 524288 1437.4
40 524288 1438.6
41 524288 1438.0
42 524288 1438.3
43 524288 1438.4
44 524288 1438.0
45 524288 1437.4
46 524288 1436.7
47 524288 1438.0
48 524288 1436.3
49 524288 1436.0
50 524288 1436.4
51 524288 1436.3
52 524288 1437.0
53 524288 1436.4
54 524288 1437.0
55 524288 1435.9
56 524288 1436.8
57 524288 1436.2
58 524288 1436.0
59 524288 1435.8
60 524288 1434.4
61 524288 1434.6
62 524288 1433.8
63 524288 1435.9
64 524288 1432.0

1 262144 1445.5
2 262144 1445.0
3 262144 1444.5
4 262144 1443.8
5 262144 1443.0
6 262144 1442.4
7 262144 1441.7
8 262144 1441.2
9 262144 1440.4
10 262144 1440.3
11 262144 1440.3
12 262144 1439.6
13 262144 1439.2
14 262144 1438.7
15 262144 1438.4
16 262144 1439.5
17 262144 1437.8
18 262144 1437.8
19 262144 1438.0
20 262144 1437.8
21 262144 1438.5
22 262144 1438.4
23 262144 1438.1
24 262144 1437.7
25 262144 1436.9
26 262144 1437.5
27 262144 1437.1
28 262144 1436.8
29 262144 1437.1
30 262144 1435.7
31 262144 1436.6
32 262144 1435.6
33 262144 1438.3
34 262144 1437.1
35 262144 1435.3
36 262144 1437.5
37 262144 1436.4
38 262144 1436.4
39 262144 1435.5
40 262144 1435.2
41 262144 1435.5
42 262144 1435.5
43 262144 1435.1
44 262144 1436.0
45 262144 1434.6
46 262144 1434.0
47 262144 1433.4
48 262144 1434.6
49 262144 1434.4
50 262144 1433.5
51 262144 1435.5
52 262144 1434.7
53 262144 1434.7
54 262144 1436.0
55 262144 1434.2
56 262144 1433.2
57 262144 1437.1
58 262144 1434.7
59 262144 1434.2
60 262144 1434.7
61 262144 1433.0
62 262144 1435.9
63 262144 1433.9
64 262144 1430.0

1 131072 1445.3
2 131072 1444.8
3 131072 1444.2
4 131072 1443.7
5 131072 1443.3
6 131072 1442.1
7 131072 1441.1
8 131072 1440.9
9 131072 1439.6
10 131072 1440.0
11 131072 1439.8
12 131072 1438.9
13 131072 1438.6
14 131072 1437.6
15 131072 1439.0
16 131072 1439.2
17 131072 1437.5
18 131072 1436.0
19 131072 1436.3
20 131072 1435.2
21 131072 1434.7
22 131072 1435.5
23 131072 1434.4
24 131072 1436.4
25 131072 1434.1
26 131072 1432.8
27 131072 1436.6
28 131072 1433.0
29 131072 1434.1
30 131072 1434.7
31 131072 1435.9
32 131072 1434.6
33 131072 1435.7
34 131072 1436.1
35 131072 1435.5
36 131072 1435.4
37 131072 1437.0
38 131072 1434.0
39 131072 1434.7
40 131072 1435.4
41 131072 1436.0
42 131072 1433.6
43 131072 1433.8
44 131072 1433.2
45 131072 1432.4
46 131072 1432.4
47 131072 1434.4
48 131072 1426.6
49 131072 1432.9
50 131072 1434.3
51 131072 1431.0
52 131072 1429.8
53 131072 1430.4
54 131072 1431.6
55 131072 1435.1
56 131072 1430.6
57 131072 1430.3
58 131072 1430.7
59 131072 1430.3
60 131072 1428.9
61 131072 1430.6
62 131072 1430.0
63 131072 1427.2
64 131072 1426.5

1 65536 1445.1
2 65536 1444.0
3 65536 1443.4
4 65536 1442.6
5 65536 1440.7
6 65536 1440.4
7 65536 1438.6
8 65536 1438.9
9 65536 1436.9
10 65536 1435.2
11 65536 1435.2
12 65536 1436.0
13 65536 1433.7
14 65536 1433.8
15 65536 1433.5
16 65536 1435.2
17 65536 1438.9
18 65536 1435.4
19 65536 1434.8
20 65536 1435.4
21 65536 1433.6
22 65536 1433.2
23 65536 1432.7
24 65536 1432.2
25 65536 1432.6
26 65536 1430.9
27 65536 1431.6
28 65536 1432.5
29 65536 1430.7
30 65536 1427.7
31 65536 1426.6
32 65536 1427.0
33 65536 1426.4
34 65536 1431.3
35 65536 1423.6
36 65536 1427.6
37 65536 1426.7
38 65536 1427.4
39 65536 1422.8
40 65536 1426.7
41 65536 1425.4
42 65536 1420.8
43 65536 1424.8
44 65536 1421.6
45 65536 1421.4
46 65536 1419.1
47 65536 1420.1
48 65536 1420.8
49 65536 1420.0
50 65536 1422.9
51 65536 1421.3
52 65536 1418.3
53 65536 1416.3
54 65536 1419.0
55 65536 1419.3
56 65536 1417.8
57 65536 1419.3
58 65536 1412.9
59 65536 1418.5
60 65536 1416.8
61 65536 1410.2
62 65536 1413.7
63 65536 1408.2
64 65536 1409.0

1 32768 1444.9
2 32768 1443.8
3 32768 1442.1
4 32768 1441.7
5 32768 1439.2
6 32768 1438.3
7 32768 1436.5
8 32768 1435.9
9 32768 1434.7
10 32768 1435.4
11 32768 1433.8
12 32768 1433.1
13 32768 1430.9
14 32768 1432.5
15 32768 1428.9
16 32768 1428.3
17 32768 1431.3
18 32768 1428.6
19 32768 1425.9
20 32768 1426.7
21 32768 1420.8
22 32768 1421.6
23 32768 1419.1
24 32768 1420.8
25 32768 1422.9
26 32768 1420.4
27 32768 1419.0
28 32768 1414.1
29 32768 1412.9
30 32768 1419.2
31 32768 1412.1
32 32768 1412.4
33 32768 1402.8
34 32768 1410.5
35 32768 1405.0
36 32768 1413.1
37 32768 1407.6
38 32768 1412.1
39 32768 1400.1
40 32768 1403.8
41 32768 1407.4
42 32768 1403.0
43 32768 1399.1
44 32768 1392.8
45 32768 1393.5
46 32768 1396.7
47 32768 1395.9
48 32768 1395.1
49 32768 1396.3
50 32768 1402.3
51 32768 1394.0
52 32768 1389.0
53 32768 1389.2
54 32768 1402.1
55 32768 1393.5
56 32768 1387.0
57 32768 1391.1
58 32768 1384.4
59 32768 1384.6
60 32768 1380.1
61 32768 1378.6
62 32768 1378.6
63 32768 1368.7
64 32768 1376.0

1 16384 1444.1
2 16384 1442.2
3 16384 1440.3
4 16384 1438.5
5 16384 1435.4
6 16384 1433.1
7 16384 1431.8
8 16384 1432.2
9 16384 1426.1
10 16384 1427.8
11 16384 1419.8
12 16384 1420.8
13 16384 1422.5
14 16384 1413.3
15 16384 1414.4
16 16384 1419.2
17 16384 1410.5
18 16384 1413.1
19 16384 1412.1
20 16384 1407.0
21 16384 1399.7
22 16384 1392.8
23 16384 1387.2
24 16384 1395.1
25 16384 1399.7
26 16384 1395.7
27 16384 1395.0
28 16384 1387.0
29 16384 1388.9
30 16384 1380.1
31 16384 1374.0
32 16384 1389.0
33 16384 1369.9
34 16384 1368.0
35 16384 1380.6
36 16384 1390.5
37 16384 1367.2
38 16384 1377.7
39 16384 1365.4
40 16384 1362.4
41 16384 1377.1
42 16384 1370.7
43 16384 1364.2
44 16384 1357.4
45 16384 1354.0
46 16384 1355.0
47 16384 1358.3
48 16384 1351.7
49 16384 1359.2
50 16384 1359.6
51 16384 1334.7
52 16384 1351.3
53 16384 1348.3
54 16384 1360.9
55 16384 1326.2
56 16384 1343.0
57 16384 1352.6
58 16384 1329.0
59 16384 1338.4
60 16384 1319.1
61 16384 1328.5
62 16384 1308.7
63 16384 1323.1
64 16384 1338.4

1 8192 1442.7
2 8192 1439.2
3 8192 1431.5
4 8192 1430.9
5 8192 1427.8
6 8192 1422.7
7 8192 1415.6
8 8192 1419.2
9 8192 1413.1
10 8192 1403.8
11 8192 1396.2
12 8192 1388.9
13 8192 1393.0
14 8192 1387.0
15 8192 1387.8
16 8192 1389.0
17 8192 1368.0
18 8192 1385.0
19 8192 1381.6
20 8192 1362.4
21 8192 1370.7
22 8192 1357.4
23 8192 1355.0
24 8192 1347.1
25 8192 1352.3
26 8192 1338.8
27 8192 1360.9
28 8192 1343.0
29 8192 1337.2
30 8192 1319.1
31 8192 1308.7
32 8192 1338.4
33 8192 1311.5
34 8192 1296.1
35 8192 1309.9
36 8192 1309.0
37 8192 1690.7
38 8192 1581.6
39 8192 1460.5
40 8192 1696.4
41 8192 1492.6
42 8192 1462.6
43 8192 1710.1
44 8192 1437.4
45 8192 1755.1
46 8192 1433.4
47 8192 1815.2
48 8192 1773.5
49 8192 1816.5
50 8192 1478.7
51 8192 1486.7
52 8192 1810.7
53 8192 1448.6
54 8192 1883.5
55 8192 1816.5
56 8192 1463.3
57 8192 1897.1
58 8192 1471.0
59 8192 1779.4
60 8192 1724.5
61 8192 1852.7
62 8192 1858.6
63 8192 1830.5
64 8192 2012.2

1 4096 1414.7
2 4096 1430.9
3 4096 1420.8
4 4096 1416.6
5 4096 1407.0
6 4096 1395.1
7 4096 1382.7
8 4096 1394.0
9 4096 1385.0
10 4096 1362.4
11 4096 1350.9
12 4096 1358.7
13 4096 1338.8
14 4096 1343.0
15 4096 1319.1
16 4096 1338.4
17 4096 1624.9
18 4096 1309.0
19 4096 1667.1
20 4096 1293.4
21 4096 1434.5
22 4096 1694.0
23 4096 1702.2
24 4096 1254.6
25 4096 1773.0
26 4096 1810.7
27 4096 1853.3
28 4096 1791.9
29 4096 1818.1
30 4096 1783.6
31 4096 1881.7
32 4096 1266.3
33 4096 1910.0
34 4096 1449.6
35 4096 1960.1
36 4096 1717.5
37 4096 1898.2
38 4096 1964.6
39 4096 1839.6
40 4096 2018.1
41 4096 1877.8
42 4096 1870.8
43 4096 1982.2
44 4096 1994.8
45 4096 1898.7
46 4096 1909.0
47 4096 1977.0
48 4096 1931.5
49 4096 1780.3
50 4096 1562.2
51 4096 1505.0
52 4096 1826.7
53 4096 1606.6
54 4096 1536.9
55 4096 1587.3
56 4096 1523.1
57 4096 2011.8
58 4096 1691.1
59 4096 1841.4
60 4096 1592.5
61 4096 1569.1
62 4096 1545.7
63 4096 1477.1
64 4096 1813.4

1 2048 1433.1
2 2048 1419.2
3 2048 1398.8
4 2048 1394.0
5 2048 1362.4
6 2048 1358.7
7 2048 1335.0
8 2048 1353.8
9 2048 1309.0
10 2048 1592.5
11 2048 1728.3
12 2048 1773.5
13 2048 1810.7
14 2048 1763.6
15 2048 1783.6
16 2048 2012.2
17 2048 1848.4
18 2048 1893.1
19 2048 1874.6
20 2048 1967.3
21 2048 1870.8
22 2048 1940.4
23 2048 1807.7
24 2048 1931.5
25 2048 1840.6
26 2048 1884.4
27 2048 1523.3
28 2048 1482.7
29 2048 1868.1
30 2048 1753.6
31 2048 1702.0
32 2048 1883.2
33 2048 1714.4
34 2048 1765.5
35 2048 1643.4
36 2048 1494.5
37 2048 1829.4
38 2048 1643.8
39 2048 1612.8
40 2048 1773.5
41 2048 1519.7
42 2048 1596.6
43 2048 1892.5
44 2048 1675.8
45 2048 1721.3
46 2048 1683.1
47 2048 1451.3
48 2048 1417.6
49 2048 1568.3
50 2048 1556.0
51 2048 1530.1
52 2048 1755.1
53 2048 1817.0
54 2048 1665.1
55 2048 1665.1
56 2048 1530.1
57 2048 1673.5
58 2048 1575.1
59 2048 1625.7
60 2048 1530.1
61 2048 1577.9
62 2048 1485.1
63 2048 1360.1
64 2048 1748.7

1 1024 1419.2
2 1024 1394.0
3 1024 1358.7
4 1024 1338.4
5 1024 1696.4
6 1024 1773.5
7 1024 1763.6
8 1024 2012.2
9 1024 1852.5
10 1024 1967.3
11 1024 1888.9
12 1024 1931.5
13 1024 1884.4
14 1024 1709.6
15 1024 1814.8
16 1024 1907.6
17 1024 1659.1
18 1024 1444.1
19 1024 1022.2
20 1024 1625.7
21 1024 1596.6
22 1024 1759.6
23 1024 1771.7
24 1024 1417.6
25 1024 1530.1
26 1024 942.2
27 1024 1439.3
28 1024 1530.1
29 1024 1487.6
30 1024 1530.1
31 1024 1577.9
32 1024 1632.1
33 1024 1694.0
34 1024 1639.4
35 1024 1584.7
36 1024 1428.1
37 1024 1475.4
38 1024 1326.1
39 1024 1326.1
40 1024 1366.1
41 1024 1311.5
42 1024 1311.5
43 1024 1466.3
44 1024 1353.5
45 1024 1402.6
46 1024 1294.7
47 1024 1338.8
48 1024 1147.6
49 1024 1177.0
50 1024 1092.9
51 1024 1177.0
52 1024 1118.1
53 1024 1038.3
54 1024 983.6
55 1024 1059.3
56 1024 1059.3
57 1024 929.0
58 1024 929.0
59 1024 1000.4
60 1024 1000.4
61 1024 941.6
62 1024 1020.1
63 1024 941.6
64 1024 834.6

