1  1474.0
2  1455.7
3  1418.9
4  1410.5
5  1369.6
6  1331.5
7  2243.1
8  2622.0
9  2336.7
10  2546.5
11  2562.0
12  2611.8
13  2596.4
14  2535.7
15  2586.9
16  2840.5
17  2663.0
18  2485.5
19  2114.3
20  2546.5
21  2396.7
22  2625.0
23  2197.0
24  2277.7
25  2481.9
26  2596.4
27  2273.8
28  2396.7
29  2330.1
30  2397.8
31  2364.7
32  2022.6
33  2251.5
34  2178.8
35  1782.2
36  1864.1
37  1268.8
38  1483.7
39  1221.9
40  1174.9
41  1474.9
42  1198.4
43  1312.5
44  1413.4
45  1098.5
46  1352.0
47  1118.5
48  1525.2
49  1331.5
50  1331.5
51  1141.3
52  1167.6
53  1264.9
54  1198.4
55  1198.4
56  1198.4
57  1131.8
58  1044.7
59  1234.7
60  905.4
61  798.9
62  983.3
63  983.3
64  1278.2
