1 134217728 1244.3
2 134217728 1235.2
3 134217728 1220.8
4 134217728 1192.7
5 134217728 1185.8
6 134217728 1171.1
7 134217728 1153.9
8 134217728 1138.1
9 134217728 1127.8
10 134217728 1116.9
11 134217728 1103.2
12 134217728 1065.8
13 134217728 1041.1
14 134217728 986.8
15 134217728 932.0
16 134217728 891.4
17 134217728 836.0
18 134217728 801.0
19 134217728 752.4
20 134217728 765.1
21 134217728 746.6
22 134217728 761.3
23 134217728 758.3
24 134217728 797.3
25 134217728 763.2
26 134217728 766.5
27 134217728 756.8
28 134217728 766.7
29 134217728 751.4
30 134217728 749.3
31 134217728 708.2
32 134217728 749.5
33 134217728 722.1
34 134217728 745.7
35 134217728 742.9
36 134217728 758.5
37 134217728 744.2
38 134217728 753.7
39 134217728 754.5
40 134217728 785.0
41 134217728 807.6
42 134217728 811.0
43 134217728 818.2
44 134217728 826.2
45 134217728 824.1
46 134217728 815.5
47 134217728 812.0
48 134217728 901.9
49 134217728 818.0
50 134217728 805.5
51 134217728 809.3
52 134217728 806.6
53 134217728 798.6
54 134217728 796.9
55 134217728 807.7
56 134217728 824.4
57 134217728 804.0
58 134217728 789.0
59 134217728 799.2
60 134217728 792.4
61 134217728 792.0
62 134217728 783.6
63 134217728 783.2
64 134217728 873.9

1 67108864 1244.6
2 67108864 1233.0
3 67108864 1220.8
4 67108864 1192.5
5 67108864 1187.7
6 67108864 1170.6
7 67108864 1154.1
8 67108864 1136.4
9 67108864 1129.0
10 67108864 1117.2
11 67108864 1104.0
12 67108864 1065.6
13 67108864 1041.8
14 67108864 989.5
15 67108864 934.7
16 67108864 893.1
17 67108864 835.7
18 67108864 800.6
19 67108864 751.9
20 67108864 764.4
21 67108864 746.9
22 67108864 760.1
23 67108864 757.1
24 67108864 796.3
25 67108864 763.9
26 67108864 765.0
27 67108864 755.7
28 67108864 766.1
29 67108864 751.1
30 67108864 749.2
31 67108864 708.2
32 67108864 748.6
33 67108864 723.5
34 67108864 745.6
35 67108864 746.3
36 67108864 757.7
37 67108864 747.8
38 67108864 753.8
39 67108864 752.6
40 67108864 789.0
41 67108864 817.8
42 67108864 813.5
43 67108864 819.6
44 67108864 821.2
45 67108864 830.0
46 67108864 811.7
47 67108864 811.8
48 67108864 902.0
49 67108864 817.8
50 67108864 804.4
51 67108864 809.3
52 67108864 816.3
53 67108864 798.9
54 67108864 805.0
55 67108864 808.5
56 67108864 822.2
57 67108864 809.3
58 67108864 794.3
59 67108864 800.7
60 67108864 792.2
61 67108864 792.6
62 67108864 779.6
63 67108864 782.5
64 67108864 872.4

1 33554432 1246.3
2 33554432 1232.8
3 33554432 1221.0
4 33554432 1193.1
5 33554432 1188.4
6 33554432 1173.3
7 33554432 1154.1
8 33554432 1139.9
9 33554432 1128.0
10 33554432 1116.7
11 33554432 1105.2
12 33554432 1066.9
13 33554432 1038.6
14 33554432 989.2
15 33554432 933.3
16 33554432 892.4
17 33554432 835.7
18 33554432 801.3
19 33554432 753.9
20 33554432 765.3
21 33554432 746.3
22 33554432 760.4
23 33554432 758.1
24 33554432 796.4
25 33554432 766.5
26 33554432 766.1
27 33554432 758.5
28 33554432 770.0
29 33554432 745.4
30 33554432 753.6
31 33554432 709.7
32 33554432 748.2
33 33554432 724.0
34 33554432 746.6
35 33554432 744.4
36 33554432 758.8
37 33554432 746.9
38 33554432 749.5
39 33554432 754.2
40 33554432 779.1
41 33554432 827.0
42 33554432 818.7
43 33554432 820.8
44 33554432 831.5
45 33554432 835.1
46 33554432 825.1
47 33554432 827.2
48 33554432 905.7
49 33554432 829.7
50 33554432 820.0
51 33554432 829.7
52 33554432 834.4
53 33554432 827.0
54 33554432 825.1
55 33554432 821.6
56 33554432 846.7
57 33554432 836.6
58 33554432 832.3
59 33554432 822.0
60 33554432 830.5
61 33554432 827.6
62 33554432 831.3
63 33554432 838.8
64 33554432 871.7

1 16777216 1246.5
2 16777216 1232.6
3 16777216 1216.3
4 16777216 1191.5
5 16777216 1186.4
6 16777216 1173.2
7 16777216 1154.1
8 16777216 1137.3
9 16777216 1131.0
10 16777216 1122.1
11 16777216 1103.0
12 16777216 1067.0
13 16777216 1043.0
14 16777216 987.6
15 16777216 933.1
16 16777216 891.2
17 16777216 835.3
18 16777216 801.2
19 16777216 753.5
20 16777216 763.9
21 16777216 745.2
22 16777216 756.9
23 16777216 754.8
24 16777216 789.2
25 16777216 758.8
26 16777216 763.9
27 16777216 749.9
28 16777216 761.6
29 16777216 754.6
30 16777216 752.8
31 16777216 714.8
32 16777216 757.0
33 16777216 728.3
34 16777216 744.3
35 16777216 749.7
36 16777216 768.4
37 16777216 755.4
38 16777216 762.3
39 16777216 756.4
40 16777216 768.6
41 16777216 917.3
42 16777216 924.1
43 16777216 928.2
44 16777216 950.4
45 16777216 1066.0
46 16777216 1125.2
47 16777216 1255.5
48 16777216 911.4
49 16777216 1259.9
50 16777216 1259.6
51 16777216 1254.7
52 16777216 1259.1
53 16777216 1259.0
54 16777216 1259.6
55 16777216 1259.1
56 16777216 1258.1
57 16777216 1259.5
58 16777216 1259.1
59 16777216 1258.5
60 16777216 1259.1
61 16777216 1258.4
62 16777216 1258.4
63 16777216 1258.4
64 16777216 869.0

1 8388608 1247.4
2 8388608 1232.7
3 8388608 1216.4
4 8388608 1199.0
5 8388608 1188.6
6 8388608 1173.5
7 8388608 1154.8
8 8388608 1140.1
9 8388608 1123.2
10 8388608 1113.6
11 8388608 1098.4
12 8388608 1080.1
13 8388608 1051.5
14 8388608 998.1
15 8388608 943.0
16 8388608 898.5
17 8388608 843.5
18 8388608 809.8
19 8388608 757.7
20 8388608 764.5
21 8388608 750.0
22 8388608 742.2
23 8388608 763.1
24 8388608 795.4
25 8388608 766.8
26 8388608 767.2
27 8388608 761.8
28 8388608 772.3
29 8388608 761.9
30 8388608 758.1
31 8388608 741.6
32 8388608 771.0
33 8388608 754.2
34 8388608 750.5
35 8388608 754.5
36 8388608 768.1
37 8388608 764.1
38 8388608 765.8
39 8388608 770.0
40 8388608 796.8
41 8388608 954.6
42 8388608 1028.8
43 8388608 1028.3
44 8388608 1089.5
45 8388608 1260.2
46 8388608 1260.5
47 8388608 1260.2
48 8388608 1259.2
49 8388608 1259.8
50 8388608 1259.6
51 8388608 1259.1
52 8388608 1259.0
53 8388608 1258.9
54 8388608 1259.5
55 8388608 1259.1
56 8388608 1258.0
57 8388608 1259.4
58 8388608 1259.0
59 8388608 1258.4
60 8388608 1259.0
61 8388608 1258.3
62 8388608 1258.2
63 8388608 1258.2
64 8388608 859.2

1 4194304 1254.1
2 4194304 1246.2
3 4194304 1235.1
4 4194304 1232.0
5 4194304 1223.1
6 4194304 1200.0
7 4194304 1192.5
8 4194304 1178.7
9 4194304 1196.8
10 4194304 1187.7
11 4194304 1178.8
12 4194304 1170.6
13 4194304 1154.1
14 4194304 1131.7
15 4194304 1086.8
16 4194304 1045.2
17 4194304 1004.8
18 4194304 987.0
19 4194304 975.5
20 4194304 971.3
21 4194304 949.4
22 4194304 937.6
23 4194304 934.2
24 4194304 955.7
25 4194304 949.2
26 4194304 986.7
27 4194304 1010.1
28 4194304 1053.2
29 4194304 1055.1
30 4194304 1094.7
31 4194304 1068.8
32 4194304 916.5
33 4194304 1078.7
34 4194304 1163.8
35 4194304 1175.7
36 4194304 1189.8
37 4194304 1196.8
38 4194304 1208.9
39 4194304 1231.3
40 4194304 1242.0
41 4194304 1245.9
42 4194304 1246.9
43 4194304 1247.4
44 4194304 1258.0
45 4194304 1260.1
46 4194304 1260.4
47 4194304 1260.0
48 4194304 1259.1
49 4194304 1259.7
50 4194304 1259.4
51 4194304 1259.0
52 4194304 1258.8
53 4194304 1258.8
54 4194304 1259.3
55 4194304 1258.9
56 4194304 1257.8
57 4194304 1259.0
58 4194304 1258.7
59 4194304 1258.4
60 4194304 1258.8
61 4194304 1258.1
62 4194304 1258.0
63 4194304 1258.0
64 4194304 943.9

1 2097152 1265.2
2 2097152 1263.8
3 2097152 1266.5
4 2097152 1266.6
5 2097152 1266.5
6 2097152 1266.4
7 2097152 1266.2
8 2097152 1266.3
9 2097152 1265.5
10 2097152 1265.8
11 2097152 1265.7
12 2097152 1265.4
13 2097152 1265.2
14 2097152 1265.3
15 2097152 1264.7
16 2097152 1264.2
17 2097152 1265.0
18 2097152 1265.2
19 2097152 1264.9
20 2097152 1264.6
21 2097152 1264.8
22 2097152 1265.2
23 2097152 1265.4
24 2097152 1266.1
25 2097152 1266.0
26 2097152 1266.1
27 2097152 1266.0
28 2097152 1266.0
29 2097152 1265.8
30 2097152 1265.9
31 2097152 1265.7
32 2097152 1266.1
33 2097152 1265.8
34 2097152 1265.8
35 2097152 1265.6
36 2097152 1265.6
37 2097152 1265.5
38 2097152 1265.5
39 2097152 1265.1
40 2097152 1265.1
41 2097152 1260.6
42 2097152 1260.5
43 2097152 1260.1
44 2097152 1260.3
45 2097152 1259.7
46 2097152 1260.0
47 2097152 1259.3
48 2097152 1258.7
49 2097152 1259.4
50 2097152 1258.9
51 2097152 1258.6
52 2097152 1258.1
53 2097152 1258.2
54 2097152 1258.8
55 2097152 1257.8
56 2097152 1257.0
57 2097152 1257.4
58 2097152 1257.7
59 2097152 1257.3
60 2097152 1257.1
61 2097152 1256.6
62 2097152 1256.7
63 2097152 1256.0
64 2097152 1256.6

1 1048576 1266.8
2 1048576 1266.8
3 1048576 1266.7
4 1048576 1266.6
5 1048576 1266.6
6 1048576 1266.5
7 1048576 1266.4
8 1048576 1266.4
9 1048576 1265.6
10 1048576 1265.8
11 1048576 1265.9
12 1048576 1265.4
13 1048576 1265.1
14 1048576 1265.2
15 1048576 1264.8
16 1048576 1264.0
17 1048576 1264.6
18 1048576 1265.0
19 1048576 1264.8
20 1048576 1264.6
21 1048576 1264.8
22 1048576 1265.0
23 1048576 1265.3
24 1048576 1265.5
25 1048576 1265.8
26 1048576 1265.6
27 1048576 1265.7
28 1048576 1265.4
29 1048576 1265.5
30 1048576 1265.3
31 1048576 1265.2
32 1048576 1265.9
33 1048576 1265.5
34 1048576 1264.9
35 1048576 1265.1
36 1048576 1265.0
37 1048576 1264.6
38 1048576 1264.6
39 1048576 1264.7
40 1048576 1264.4
41 1048576 1258.8
42 1048576 1258.9
43 1048576 1259.0
44 1048576 1257.9
45 1048576 1257.6
46 1048576 1257.6
47 1048576 1256.6
48 1048576 1257.9
49 1048576 1256.3
50 1048576 1255.5
51 1048576 1256.4
52 1048576 1256.1
53 1048576 1255.8
54 1048576 1256.9
55 1048576 1256.9
56 1048576 1257.2
57 1048576 1257.0
58 1048576 1256.9
59 1048576 1255.8
60 1048576 1253.8
61 1048576 1254.5
62 1048576 1253.6
63 1048576 1254.3
64 1048576 1256.4

1 524288 1266.8
2 524288 1266.8
3 524288 1266.6
4 524288 1266.5
5 524288 1266.3
6 524288 1266.3
7 524288 1266.0
8 524288 1266.2
9 524288 1265.3
10 524288 1265.5
11 524288 1265.3
12 524288 1265.0
13 524288 1264.6
14 524288 1264.6
15 524288 1264.4
16 524288 1263.7
17 524288 1263.9
18 524288 1264.3
19 524288 1264.0
20 524288 1263.9
21 524288 1263.9
22 524288 1264.3
23 524288 1264.2
24 524288 1264.7
25 524288 1264.3
26 524288 1264.8
27 524288 1264.1
28 524288 1265.1
29 524288 1265.1
30 524288 1264.1
31 524288 1263.7
32 524288 1264.7
33 524288 1264.0
34 524288 1261.7
35 524288 1263.4
36 524288 1258.3
37 524288 1255.9
38 524288 1257.3
39 524288 1257.9
40 524288 1259.0
41 524288 1258.1
42 524288 1258.9
43 524288 1257.7
44 524288 1256.8
45 524288 1255.0
46 524288 1257.7
47 524288 1255.7
48 524288 1254.9
49 524288 1255.2
50 524288 1255.4
51 524288 1256.8
52 524288 1256.8
53 524288 1256.4
54 524288 1257.1
55 524288 1257.3
56 524288 1256.9
57 524288 1257.5
58 524288 1257.2
59 524288 1255.8
60 524288 1255.3
61 524288 1254.3
62 524288 1254.1
63 524288 1254.8
64 524288 1255.8

1 262144 1266.7
2 262144 1266.5
3 262144 1266.1
4 262144 1266.0
5 262144 1265.4
6 262144 1265.3
7 262144 1265.0
8 262144 1263.7
9 262144 1262.5
10 262144 1263.3
11 262144 1262.8
12 262144 1262.8
13 262144 1262.2
14 262144 1262.4
15 262144 1262.5
16 262144 1262.8
17 262144 1264.2
18 262144 1264.0
19 262144 1263.1
20 262144 1262.1
21 262144 1259.3
22 262144 1261.4
23 262144 1261.2
24 262144 1259.7
25 262144 1260.9
26 262144 1261.3
27 262144 1260.5
28 262144 1260.1
29 262144 1260.8
30 262144 1259.9
31 262144 1259.4
32 262144 1259.7
33 262144 1255.6
34 262144 1260.0
35 262144 1258.9
36 262144 1259.7
37 262144 1259.0
38 262144 1258.4
39 262144 1255.1
40 262144 1257.0
41 262144 1258.4
42 262144 1257.0
43 262144 1256.5
44 262144 1258.6
45 262144 1257.1
46 262144 1257.6
47 262144 1257.1
48 262144 1257.4
49 262144 1256.3
50 262144 1254.9
51 262144 1260.0
52 262144 1254.6
53 262144 1258.7
54 262144 1260.6
55 262144 1256.8
56 262144 1254.8
57 262144 1263.2
58 262144 1259.3
59 262144 1260.9
60 262144 1261.9
61 262144 1261.2
62 262144 1263.8
63 262144 1264.7
64 262144 1254.6

1 131072 1266.7
2 131072 1266.6
3 131072 1266.3
4 131072 1266.4
5 131072 1265.8
6 131072 1265.8
7 131072 1265.1
8 131072 1261.9
9 131072 1261.9
10 131072 1263.1
11 131072 1262.5
12 131072 1262.7
13 131072 1260.3
14 131072 1259.8
15 131072 1261.6
16 131072 1262.8
17 131072 1262.9
18 131072 1261.1
19 131072 1261.0
20 131072 1259.3
21 131072 1258.6
22 131072 1261.1
23 131072 1259.7
24 131072 1260.6
25 131072 1261.0
26 131072 1258.1
27 131072 1264.2
28 131072 1259.0
29 131072 1262.1
30 131072 1264.8
31 131072 1265.0
32 131072 1259.4
33 131072 1266.5
34 131072 1267.8
35 131072 1265.5
36 131072 1266.1
37 131072 1268.3
38 131072 1265.7
39 131072 1265.3
40 131072 1266.8
41 131072 1266.8
42 131072 1266.0
43 131072 1266.0
44 131072 1266.0
45 131072 1265.1
46 131072 1265.5
47 131072 1266.8
48 131072 1254.0
49 131072 1265.9
50 131072 1267.3
51 131072 1266.8
52 131072 1265.8
53 131072 1265.3
54 131072 1267.3
55 131072 1268.4
56 131072 1266.8
57 131072 1266.3
58 131072 1267.4
59 131072 1267.4
60 131072 1265.7
61 131072 1266.8
62 131072 1266.8
63 131072 1265.6
64 131072 1259.4

1 65536 1266.7
2 65536 1266.7
3 65536 1266.5
4 65536 1266.4
5 65536 1265.4
6 65536 1265.7
7 65536 1264.7
8 65536 1262.8
9 65536 1261.1
10 65536 1261.6
11 65536 1261.9
12 65536 1262.0
13 65536 1260.1
14 65536 1260.1
15 65536 1264.8
16 65536 1261.9
17 65536 1268.5
18 65536 1265.4
19 65536 1266.5
20 65536 1267.6
21 65536 1265.2
22 65536 1266.8
23 65536 1265.5
24 65536 1266.8
25 65536 1267.3
26 65536 1265.8
27 65536 1267.3
28 65536 1266.8
29 65536 1267.4
30 65536 1264.5
31 65536 1265.6
32 65536 1259.4
33 65536 1264.9
34 65536 1270.1
35 65536 1265.5
36 65536 1266.8
37 65536 1267.5
38 65536 1266.8
39 65536 1263.8
40 65536 1269.9
41 65536 1270.0
42 65536 1263.6
43 65536 1268.5
44 65536 1264.3
45 65536 1265.1
46 65536 1265.0
47 65536 1265.0
48 65536 1269.6
49 65536 1264.0
50 65536 1270.7
51 65536 1269.8
52 65536 1266.8
53 65536 1266.8
54 65536 1270.0
55 65536 1272.2
56 65536 1266.8
57 65536 1267.9
58 65536 1265.7
59 65536 1269.1
60 65536 1266.8
61 65536 1266.8
62 65536 1265.6
63 65536 1264.4
64 65536 1261.9

1 32768 1267.1
2 32768 1267.1
3 32768 1266.6
4 32768 1267.4
5 32768 1266.2
6 32768 1266.6
7 32768 1266.5
8 32768 1268.1
9 32768 1265.4
10 32768 1266.8
11 32768 1266.0
12 32768 1266.8
13 32768 1265.8
14 32768 1266.8
15 32768 1265.7
16 32768 1270.5
17 32768 1270.1
18 32768 1268.2
19 32768 1268.3
20 32768 1268.4
21 32768 1263.6
22 32768 1266.0
23 32768 1265.0
24 32768 1269.6
25 32768 1270.7
26 32768 1268.8
27 32768 1270.0
28 32768 1266.8
29 32768 1263.5
30 32768 1269.1
31 32768 1265.6
32 32768 1271.8
33 32768 1264.3
34 32768 1265.5
35 32768 1264.1
36 32768 1272.4
37 32768 1271.1
38 32768 1272.7
39 32768 1263.8
40 32768 1265.3
41 32768 1271.6
42 32768 1270.1
43 32768 1263.5
44 32768 1263.4
45 32768 1259.9
46 32768 1259.7
47 32768 1261.4
48 32768 1266.8
49 32768 1266.8
50 32768 1276.6
51 32768 1266.8
52 32768 1270.9
53 32768 1266.8
54 32768 1271.0
55 32768 1269.0
56 32768 1264.7
57 32768 1275.7
58 32768 1271.3
59 32768 1269.1
60 32768 1266.8
61 32768 1259.8
62 32768 1257.3
63 32768 1262.0
64 32768 1271.8

1 16384 1267.1
2 16384 1267.4
3 16384 1267.5
4 16384 1268.1
5 16384 1266.8
6 16384 1265.9
7 16384 1267.9
8 16384 1270.5
9 16384 1266.8
10 16384 1268.4
11 16384 1266.0
12 16384 1267.7
13 16384 1266.8
14 16384 1264.7
15 16384 1269.1
16 16384 1271.8
17 16384 1268.1
18 16384 1272.4
19 16384 1269.8
20 16384 1265.3
21 16384 1266.8
22 16384 1260.0
23 16384 1259.7
24 16384 1263.1
25 16384 1272.6
26 16384 1274.9
27 16384 1271.0
28 16384 1260.4
29 16384 1271.3
30 16384 1266.8
31 16384 1262.0
32 16384 1276.8
33 16384 1256.7
34 16384 1259.0
35 16384 1272.3
36 16384 1275.2
37 16384 1266.8
38 16384 1281.7
39 16384 1272.9
40 16384 1257.6
41 16384 1282.9
42 16384 1279.9
43 16384 1270.2
44 16384 1266.8
45 16384 1266.8
46 16384 1274.0
47 16384 1266.8
48 16384 1270.5
49 16384 1282.2
50 16384 1286.5
51 16384 1255.1
52 16384 1262.8
53 16384 1279.2
54 16384 1288.1
55 16384 1254.2
56 16384 1275.6
57 16384 1280.2
58 16384 1257.9
59 16384 1280.7
60 16384 1253.0
61 16384 1266.8
62 16384 1247.9
63 16384 1276.6
64 16384 1286.9

1 8192 1267.7
2 8192 1268.1
3 8192 1265.9
4 8192 1270.5
5 8192 1268.4
6 8192 1269.6
7 8192 1264.7
8 8192 1274.3
9 8192 1272.4
10 8192 1265.3
11 8192 1263.4
12 8192 1266.8
13 8192 1270.9
14 8192 1264.7
15 8192 1266.8
16 8192 1276.8
17 8192 1259.0
18 8192 1280.9
19 8192 1281.7
20 8192 1257.6
21 8192 1279.9
22 8192 1273.7
23 8192 1274.0
24 8192 1278.1
25 8192 1327.7
26 8192 1262.8
27 8192 1288.1
28 8192 1266.8
29 8192 1257.9
30 8192 1253.0
31 8192 1247.9
32 8192 1286.9
33 8192 1246.7
34 8192 1246.1
35 8192 1256.1
36 8192 1272.4
37 8192 1272.6
38 8192 1297.0
39 8192 1254.9
40 8192 1279.4
41 8192 1299.5
42 8192 1260.4
43 8192 1280.3
44 8192 1253.3
45 8192 1280.9
46 8192 1252.7
47 8192 1281.5
48 8192 1252.1
49 8192 1290.0
50 8192 1259.1
51 8192 1235.9
52 8192 1274.9
53 8192 1234.7
54 8192 1292.5
55 8192 1266.8
56 8192 1249.7
57 8192 1294.0
58 8192 1275.9
59 8192 1248.7
60 8192 1230.6
61 8192 1286.0
62 8192 1247.9
63 8192 1229.0
64 8192 1397.9

1 4096 1268.1
2 4096 1269.3
3 4096 1265.9
4 4096 1271.8
5 4096 1268.4
6 4096 1263.1
7 4096 1260.4
8 4096 1276.8
9 4096 1275.2
10 4096 1263.7
11 4096 1273.7
12 4096 1278.1
13 4096 1270.9
14 4096 1266.8
15 4096 1262.2
16 4096 1297.2
17 4096 1256.3
18 4096 1261.3
19 4096 1297.0
20 4096 1266.8
21 4096 1273.3
22 4096 1266.8
23 4096 1266.8
24 4096 1252.1
25 4096 1259.1
26 4096 1274.9
27 4096 1310.2
28 4096 1249.7
29 4096 1275.9
30 4096 1230.6
31 4096 1266.8
32 4096 1307.7
33 4096 1266.8
34 4096 1226.0
35 4096 1277.7
36 4096 1213.1
37 4096 1290.3
38 4096 1328.9
39 4096 1304.1
40 4096 1292.2
41 4096 1229.6
42 4096 1228.8
43 4096 1399.4
44 4096 1309.0
45 4096 1405.9
46 4096 1375.0
47 4096 1574.5
48 4096 1281.9
49 4096 1251.7
50 4096 1465.9
51 4096 1407.6
52 4096 1543.9
53 4096 1318.2
54 4096 1397.2
55 4096 1562.4
56 4096 1541.3
57 4096 1499.1
58 4096 1478.0
59 4096 1618.7
60 4096 1595.3
61 4096 1515.7
62 4096 1493.0
63 4096 1524.9
64 4096 1689.1

1 2048 1270.5
2 2048 1271.8
3 2048 1263.1
4 2048 1276.8
5 2048 1257.6
6 2048 1278.1
7 2048 1266.8
8 2048 1297.2
9 2048 1272.4
10 2048 1266.8
11 2048 1253.3
12 2048 1252.1
13 2048 1274.9
14 2048 1249.7
15 2048 1230.6
16 2048 1307.7
17 2048 1226.0
18 2048 1234.1
19 2048 1255.1
20 2048 1538.3
21 2048 1536.0
22 2048 1436.8
23 2048 1225.5
24 2048 1631.5
25 2048 1425.2
26 2048 1543.9
27 2048 1319.6
28 2048 1445.0
29 2048 1478.0
30 2048 1266.8
31 2048 1229.6
32 2048 1689.1
33 2048 1636.3
34 2048 1583.5
35 2048 1530.7
36 2048 1478.0
37 2048 1393.5
38 2048 1291.2
39 2048 1266.8
40 2048 1242.5
41 2048 1193.7
42 2048 1169.4
43 2048 1417.6
44 2048 1324.4
45 2048 1295.6
46 2048 1266.8
47 2048 1297.0
48 2048 1266.8
49 2048 1236.7
50 2048 1206.5
51 2048 1206.5
52 2048 1372.4
53 2048 1337.2
54 2048 1302.0
55 2048 1302.0
56 2048 1200.1
57 2048 1166.8
58 2048 1231.6
59 2048 1133.5
60 2048 1133.5
61 2048 1161.3
62 2048 1100.1
63 2048 1126.1
64 2048 1447.8

1 1024 1271.8
2 1024 1281.8
3 1024 1270.5
4 1024 1286.9
5 1024 1266.8
6 1024 1252.1
7 1024 1266.8
8 1024 1286.9
9 1024 1234.1
10 1024 1292.2
11 1024 1369.9
12 1024 1281.9
13 1024 1300.2
14 1024 1249.7
15 1024 1266.8
16 1024 1689.1
17 1024 1583.5
18 1024 1478.0
19 1024 1525.9
20 1024 1242.5
21 1024 1216.1
22 1024 1387.5
23 1024 1266.8
24 1024 1266.8
25 1024 1206.5
26 1024 1300.2
27 1024 1233.5
28 1024 1266.8
29 1024 1166.8
30 1024 1133.5
31 1024 1161.3
32 1024 1266.8
33 1024 1227.2
34 1024 1357.3
35 1024 1224.6
36 1024 1182.4
37 1024 1140.1
38 1024 1097.9
39 1024 1176.3
40 1024 1055.7
41 1024 950.1
42 1024 1013.5
43 1024 1214.0
44 1024 1214.0
45 1024 1161.3
46 1024 1071.9
47 1024 1023.2
48 1024 1108.5
49 1024 904.9
50 1024 974.5
51 1024 974.5
52 1024 859.6
53 1024 859.6
54 1024 814.4
55 1024 814.4
56 1024 814.4
57 1024 769.1
58 1024 769.1
59 1024 828.3
60 1024 828.3
61 1024 844.5
62 1024 723.9
63 1024 779.6
64 1024 844.5

